    # epsilon [GeV^4]               P [GeV^4]               T [GeV]
   17.059258545997540        5.7384919367380638        1.0000000000000000     
   16.994586745405091        5.7159544286979598       0.99901001001001000     
   16.930083756167861        5.6934809248520795       0.99802002002001999     
   16.865749383995880        5.6710713213325477       0.99703003003002988     
   16.801583434280211        5.6487255142848607       0.99604004004003988     
   16.737585712091338        5.6264433997927359       0.99505005005004987     
   16.673756022207318        5.6042248739604652       0.99406006006005987     
   16.610094168975237        5.5820698328684699       0.99307007007006987     
   16.546599956588565        5.5599781725851010       0.99208008008007986     
   16.483273188810262        5.5379497891657561       0.99109009009008975     
   16.420113669139582        5.5159845786395190       0.99010010010009974     
   16.357121200644329        5.4940824370746624       0.98911011011010974     
   16.294295586241581        5.4722432604750937       0.98812012012011974     
   16.231636628417355        5.4504669448624092       0.98713013013012973     
   16.169144129367368        5.4287533862484949       0.98614014014013973     
   16.106817890997185        5.4071024805869881       0.98515015015014962     
   16.044657714780687        5.3855141239082585       0.98416016016015961     
   15.982663402044567        5.3639882121426732       0.98317017017016961     
   15.920834753684293        5.3425246412934113       0.98218018018017961     
   15.859171570334606        5.3211233072939876       0.98119019019018960     
   15.797673652200400        5.2997841060935063       0.98020020020019960     
   15.736340799339116        5.2785069336331896       0.97921021021020949     
   15.675172811379067        5.2572916858381360       0.97822022022021948     
   15.614169487660442        5.2361382586474461       0.97723023023022948     
   15.553330627236852        5.2150465479690746       0.97624024024023948     
   15.492656028729925        5.1940164496831551       0.97525025025024947     
   15.432145490620750        5.1730478597313008       0.97426026026025947     
   15.371798810959042        5.1521406740021254       0.97327027027026936     
   15.311615787538770        5.1312947883548956       0.97228028028027935     
   15.251596217721504        5.1105100986990468       0.97129029029028935     
   15.191739898732093        5.0897865009008045       0.97030030030029935     
   15.132046627363758        5.0691238908313254       0.96931031031030934     
   15.072516200126186        5.0485221643691816       0.96832032032031934     
   15.013148413216248        5.0279812173585370       0.96733033033032922     
   14.953943062510941        5.0075009456860222       0.96634034034033922     
   14.894899943605097        4.9870812451721944       0.96535035035034922     
   14.836018851737226        4.9667220116741166       0.96436036036035921     
   14.777299581864218        4.9464231410543817       0.96337037037036921     
   14.718741928624938        4.9261845291383137       0.96238038038037921     
   14.660345686347675        4.9060060717638674       0.96139039039038909     
   14.602110649050655        4.8858876647889824       0.96040040040039909     
   14.544036610442609        4.8658292040335507       0.95941041041040909     
   14.486123363923086        4.8458305853440313       0.95842042042041908     
   14.428370702582910        4.8258917045270655       0.95743043043042908     
   14.370778419204591        4.8060124574310166       0.95644044044043908     
   14.313346306262870        4.7861927398890618       0.95545045045044896     
   14.256074155925079        4.7664324477052471       0.95446046046045896     
   14.198961760051665        4.7467314767418554       0.95347047047046896     
   14.142008910196619        4.7270897228027637       0.95248048048047895     
   14.085215397608028        4.7075070817333797       0.95149049049048895     
   14.028581013228484        4.6879834493409112       0.95050050050049895     
   13.972105547699828        4.6685187214761141       0.94951051051050883     
   13.915788791342630        4.6491127939643295       0.94852052052051883     
   13.859630534198356        4.6297655626279255       0.94753053053052883     
   13.803630565989664        4.6104769233081120       0.94654054054053882     
   13.747788676134766        4.5912467718511376       0.94555055055054882     
   13.692104653765300        4.5720750040768685       0.94456056056055882     
   13.636578287689129        4.5529615158527355       0.94357057057056870     
   13.581209366427212        4.5339062030007877       0.94258058058057870     
   13.525997678196166        4.5149089613855056       0.94159059059058869     
   13.470943010912450        4.4959696868426491       0.94060060060059869     
   13.416045152192863        4.4770882752439363       0.93961061061060869     
   13.361303889352840        4.4582646224480946       0.93862062062061868     
   13.306719009415499        4.4394986243106578       0.93763063063062857     
   13.252290299092286        4.4207901767202005       0.93664064064063857     
   13.198017544838734        4.4021391755380286       0.93565065065064856     
   13.143900532746740        4.3835455166548805       0.93466066066065856     
   13.089939048660868        4.3650090959634271       0.93367067067066856     
   13.036132878117211        4.3465298093395885       0.93268068068067855     
   12.982481806357093        4.3281075526992376       0.93169069069068844     
   12.928985618327690        4.3097422219533543       0.93070070070069844     
   12.875644098682629        4.2914337130139835       0.92971071071070843     
   12.822457031773792        4.2731819218103393       0.92872072072071843     
   12.769424201696570        4.2549867442619407       0.92773073073072843     
   12.716545392200118        4.2368480763267788       0.92674074074073842     
   12.663820386783087        4.2187658139318280       0.92575075075074831     
   12.611248968637483        4.2007398530652234       0.92476076076075830     
   12.558830920671635        4.1827700896730002       0.92377077077076830     
   12.506566025503036        4.1648564197310565       0.92278078078077830     
   12.454454065461332        4.1469987392496890       0.92179079079078829     
   12.402494822589299        4.1291969442082532       0.92080080080079829     
   12.350688078646504        4.1114509306187310       0.91981081081080818     
   12.299033615087531        4.0937605945152402       0.91882082082081817     
   12.247531213112998        4.0761258319084437       0.91783083083082817     
   12.196180653615885        4.0585465388634114       0.91684084084083817     
   12.144981717216927        4.0410226114272980       0.91585085085084816     
   12.093934184235911        4.0235539456632550       0.91486086086085816     
   12.043037834752935        4.0061404376638166       0.91387087087086805     
   11.992292448510351        3.9887819835259712       0.91288088088087804     
   11.941697805006429        3.9714784793474185       0.91189089089088804     
   11.891253683448019        3.9542298212601392       0.91090090090089804     
   11.840959862772813        3.9370359053876025       0.90991091091090803     
   11.790816121627529        3.9198966279001106       0.90892092092091803     
   11.740822238382865        3.9028118849560434       0.90793093093092792     
   11.690977991138107        3.8857815727354370       0.90694094094093791     
   11.641283157721862        3.8688055874407681       0.90595095095094791     
   11.591737515684853        3.8518838252789243       0.90496096096095791     
   11.542340842293122        3.8350161824863331       0.90397097097096790     
   11.493092914537442        3.8182025553163497       0.90298098098097790     
   11.443993509156218        3.8014428400144964       0.90199099099098778     
   11.395042402615248        3.7847369328822285       0.90100100100099778     
   11.346239371076459        3.7680847302090394       0.90001101101100778     
   11.297584190470696        3.7514861283169405       0.89902102102101777     
   11.249076636442277        3.7349410235413552       0.89803103103102777     
   11.200716484370082        3.7184493122315398       0.89704104104103777     
   11.152503509358118        3.7020108907745830       0.89605105105104765     
   11.104437486266033        3.6856256555574936       0.89506106106105765     
   11.056518189664839        3.6692935029888822       0.89407107107106765     
   11.008745393873481        3.6530143295162270       0.89308108108107764     
   10.961118872940492        3.6367880315818790       0.89209109109108764     
   10.913638400656286        3.6206145056723389       0.89110110110109764     
   10.866303750548612        3.6044936482839449       0.89011111111110752     
   10.819114695898294        3.5884253559313675       0.88912112112111752     
   10.772071009698619        3.5724095251582777       0.88813113113112752     
   10.725172464705096        3.5564460525342771       0.88714114114113751     
   10.678418833407322        3.5405348346343399       0.88615115115114751     
   10.631809888050300        3.5246757680879783       0.88516116116115751     
   10.585345400597138        3.5088687495114175       0.88417117117116739     
   10.539025142789860        3.4931136755682974       0.88318118118117739     
   10.492848886088115        3.4774104429453296       0.88219119119118738     
   10.446816401719051        3.4617589483465099       0.88120120120119738     
   10.400927460650033        3.4461590885086504       0.88021121121120738     
   10.355181833587363        3.4306107601779430       0.87922122122121737     
   10.309579291015718        3.4151138601442210       0.87823123123122726     
   10.264119603141642        3.3996682852223592       0.87724124124123726     
   10.218802539941690        3.3842739322430559       0.87625125125124725     
   10.173627871140878        3.3689306980747453       0.87526126126125725     
   10.128595366219416        3.3536384795963263       0.87427127127126725     
   10.083704794412329        3.3383971737353200       0.87328128128127713     
   10.038955924715795        3.3232066774386237       0.87229129129128713     
   9.9943485258812981        3.3080668876761021       0.87130130130129713     
   9.9498823664156824        3.2929777014531840       0.87031131131130712     
   9.9055572145915125        3.2779390158026431       0.86932132132131712     
   9.8613728384382657        3.2629507277865928       0.86833133133132712     
   9.8173289970077047        3.2480127432352659       0.86734134134133700     
   9.7734254753526368        3.2331249417887986       0.86635135135134700     
   9.7296620320417162        3.2182872293463540       0.86536136136135700     
   9.6860384341751402        3.2034995030771496       0.86437137137136699     
   9.6425544485979895        3.1887616602155333       0.86338138138137699     
   9.5992098419446190        3.1740735979947163       0.86239139139138699     
   9.5560043806013137        3.1594352137031225       0.86140140140139687     
   9.5129378307366395        3.1448464046434506       0.86041141141140687     
   9.4700099582874930        3.1303070681639129       0.85942142142141686     
   9.4272205289585642        3.1158171016419782       0.85843143143142686     
   9.3845693082396178        3.1013764024896888       0.85744144144143686     
   9.3420560613845289        3.0869848681534338       0.85645145145144685     
   9.2996805534349889        3.0726423961055409       0.85546146146145674     
   9.2574425492003787        3.0583488838676969       0.85447147147146674     
   9.2153418132750211        3.0441042289892053       0.85348148148147673     
   9.1733781100313383        3.0299083290515534       0.85249149149148673     
   9.1315512036223137        3.0157610816743698       0.85150150150149673     
   9.0898608579917326        3.0016623845178296       0.85051151151150672     
   9.0483068368579147        2.9876121352771641       0.84952152152151661     
   9.0068889037291129        2.9736102316840132       0.84853153153152661     
   8.9656068218971825        2.9596565714988889       0.84754154154153660     
   8.9244603544461114        2.9457510525345123       0.84655155155154660     
   8.8834492642495437        2.9318935726321498       0.84556156156155660     
   8.8425733139659908        2.9180840296799047       0.84457157157156659     
   8.8018322660486348        2.9043223215897886       0.84358158158157648     
   8.7612258827500060        2.8906083463299610       0.84259159159158648     
   8.7207539261079798        2.8769420019003569       0.84160160160159647     
   8.6804161579594474        2.8633231863377326       0.84061161161160647     
   8.6402123399433162        2.8497517977286102       0.83962162162161647     
   8.6001422334888336        2.8362277341930797       0.83863163163162646     
   8.5602055998301836        2.8227508938899644       0.83764164164163635     
   8.5204022000075934        2.8093211750311964       0.83665165165164634     
   8.4807317948508576        2.7959384758564694       0.83566166166165634     
   8.4411941450094794        2.7826026946614411       0.83467167167166634     
   8.4017890109211812        2.7693137297748596       0.83368168168167633     
   8.3625161528447070        2.7560714795676033       0.83269169169168633     
   8.3233753308446516        2.7428758424651254       0.83170170170169622     
   8.2843663047878540        2.7297267169238757       0.83071171171170621     
   8.2454888343600192        2.7166240014571321       0.82972172172171621     
   8.2067426790562514        2.7035675946120761       0.82873173173172621     
   8.1681275981818011        2.6905573949838075       0.82774174174173620     
   8.1296433508663455        2.6775933012172928       0.82675175175174620     
   8.0912896960468075        2.6646752119949899       0.82576176176175609     
   8.0530663924859205        2.6518030260585230       0.82477177177176608     
   8.0149731987616288        2.6389766421828886       0.82378178178177608     
   7.9770098732723209        2.6261959591944328       0.82279179179178608     
   7.9391761742437463        2.6134608759701110       0.82180180180179607     
   7.9014718597204885        2.6007712914314416       0.82081181181180607     
   7.8638966875763554        2.5881271045485024       0.81982182182181595     
   7.8264504155105294        2.5755282143438638       0.81883183183182595     
   7.7891328010511325        2.5629745198784244       0.81784184184183595     
   7.7519436015563477        2.5504659202725959       0.81685185185184594     
   7.7148825742159444        2.5380023146992881       0.81586186186185594     
   7.6779494760527829        2.5255836023636080       0.81487187187186594     
   7.6411440639243340        2.5132096825382892       0.81388188188187582     
   7.6044660945242306        2.5008804545439354       0.81289189189188582     
   7.5679153243837982        2.4885958177476670       0.81190190190189582     
   7.5314915098735895        2.4763556715692583       0.81091191191190581     
   7.4951944072049477        2.4641599154777167       0.80992192192191581     
   7.4590237724315624        2.4520084490062573       0.80893193193192581     
   7.4229793614510271        2.4399011717246877       0.80794194194193569     
   7.3870609300064300        2.4278379832690913       0.80695195195194569     
   7.3512682336879083        2.4158187833208284       0.80596196196195569     
   7.3156010279342381        2.4038434716201849       0.80497197197196568     
   7.2800590680344470        2.3919119479565718       0.80398198198197568     
   7.2446421091293844        2.3800241121816312       0.80299199199198568     
   7.2093499062133324        2.3681798641926726       0.80200200200199556     
   7.1741822141356266        2.3563791039472912       0.80101201201200556     
   7.1391387876022696        2.3446217314612876       0.80002202202201556     
   7.1042193811775372        2.3329076468018513       0.79903203203202555     
   7.0694237492856304        2.3212367500988140       0.79804204204203555     
   7.0347516462122988        2.3096089415305485       0.79705205205204555     
   7.0002028261064728        2.2980241213390782       0.79606206206205543     
   6.9657770429819408        2.2864821898215868       0.79507207207206543     
   6.9314740507189629        2.2749830473363239       0.79408208208207542     
   6.8972936030659762        2.2635265942928773       0.79309209209208542     
   6.8632354536412112        2.2521127311709028       0.79210210210209542     
   6.8292993559344115        2.2407413584967180       0.79111211211210541     
   6.7954850409044418        2.2294123992702253       0.79012212212211530     
   6.7617923065971208        2.2181257093345943       0.78913213213212530     
   6.7282208837227051        2.2068812118079819       0.78814214214213529     
   6.6947705252737366        2.1956788074588180       0.78715215215214529     
   6.6614409841226863        2.1845183971290854       0.78616216216215529     
   6.6282320130236645        2.1733998817066089       0.78517217217216528     
   6.5951433646141542        2.1623231621538888       0.78418218218217517     
   6.5621747914167043        2.1512881394889964       0.78319219219218517     
   6.5293260458406710        2.1402947147984661       0.78220220220219516     
   6.4965968801839438        2.1293427892242067       0.78121221221220516     
   6.4639870466346681        2.1184322639753841       0.78022222222221516     
   6.4314962972730001        2.1075630403279479       0.77923223223222515     
   6.3991243840728549        2.0967350196170442       0.77824224224223504     
   6.3668710589036497        2.0859481032451130       0.77725225225224504     
   6.3347360735320590        2.0752021926787854       0.77626226226225503     
   6.3027191796237858        2.0644971894503175       0.77527227227226503     
   6.2708201287453242        2.0538329951570016       0.77428228228227503     
   6.2390386723657372        2.0432095114618645       0.77329229229228502     
   6.2073745618584173        2.0326266400954469       0.77230230230229491     
   6.1758275485029008        2.0220842828579748       0.77131231231230490     
   6.1443973834866261        2.0115823416104770       0.77032232232231490     
   6.1130838179067428        2.0011207182868818       0.76933233233232490     
   6.0818866027719105        1.9906993148840220       0.76834234234233489     
   6.0508054890040865        1.9803180334716033       0.76735235235234489     
   6.0198402274403708        1.9699767761894798       0.76636236236235478     
   5.9889905688347627        1.9596754452384941       0.76537237237236477     
   5.9582562638600329        1.9494139428977395       0.76438238238237477     
   5.9276370631095077        1.9391921715119402       0.76339239239238477     
   5.8971327170989349        1.9290100334948337       0.76240240240239476     
   5.8667429762682577        1.9188674313344425       0.76141241241240476     
   5.8364675909835215        1.9087642675871030       0.76042242242241465     
   5.8063063115386644        1.8987004448810725       0.75943243243242464     
   5.7762588881573720        1.8886758659158005       0.75844244244243464     
   5.7463250709949500        1.8786904334636849       0.75745245245244464     
   5.7165046101401442        1.8687440503702710       0.75646246246245463     
   5.6867972556170354        1.8588366195514272       0.75547247247246463     
   5.6572027573868651        1.8489680439978653       0.75448248248247451     
   5.6277208653499446        1.8391382267746561       0.75349249249248451     
   5.5983513293474791        1.8293470710197337       0.75250250250249451     
   5.5690938991634891        1.8195944799434296       0.75151251251250450     
   5.5399483245266641        1.8098803568366253       0.75052252252251450     
   5.5109143551122353        1.8002046050558986       0.74953253253252439     
   5.4819917405438909        1.7905671280428495       0.74854254254253438     
   5.4531802303956702        1.7809678293088251       0.74755255255254438     
   5.4244795741938132        1.7714066124431396       0.74656256256255438     
   5.3958895214187024        1.7618833811121541       0.74557257257256437     
   5.3674098215067643        1.7523980390558054       0.74458258258257437     
   5.3390402238523489        1.7429504900973485       0.74359259259258426     
   5.3107804778096703        1.7335406381321030       0.74260260260259425     
   5.2826303326946791        1.7241683871353632       0.74161261261260425     
   5.2545895377870337        1.7148336411611678       0.74062262262261425     
   5.2266578423319787        1.7055363043415943       0.73963263263262424     
   5.1988349955422697        1.6962762808872025       0.73864264264263424     
   5.1711207466001357        1.6870534750893591       0.73765265265264413     
   5.1435148446591734        1.6778677913177749       0.73666266266265412     
   5.1160170388462856        1.6687191340230616       0.73567267267266412     
   5.0886270782636354        1.6596074077360965       0.73468268268267412     
   5.0613447119871990        1.6505325170696328       0.73369269269268411     
   5.0341696890804357        1.6414943667145934       0.73270270270269411     
   5.0071017585829436        1.6324928614460039       0.73171271271270399     
   4.9801406695156381        1.6235279061209531       0.73072272272271399     
   4.9532861708860754        1.6145994056770456       0.72973273273272399     
   4.9265380116887210        1.6057072651347135       0.72874274274273398     
   4.8998959409064700        1.5968513895996270       0.72775275275274398     
   4.8733597075139743        1.5880316842589151       0.72676276276275398     
   4.8469290604787814        1.5792480543818297       0.72577277277276386     
   4.8206037487621591        1.5705004053253182       0.72478278278277386     
   4.7943835213226293        1.5617886425274594       0.72379279279278386     
   4.7682681271174010        1.5531126715122010       0.72280280280279385     
   4.7422573151043661        1.5444723978886647       0.72181281281280385     
   4.7163508342440448        1.5358677273507888       0.72082282282281385     
   4.6905484335015943        1.5272985656805671       0.71983283283282373     
   4.6648498618487624        1.5187648187426213       0.71884284284283373     
   4.6392548682658692        1.5102663924895190       0.71785285285284373     
   4.6137632017437946        1.5018031929616646       0.71686286286285372     
   4.5883746112859551        1.4933751262853892       0.71587287287286372     
   4.5630888459102863        1.4849820986734645       0.71488288288287372     
   4.5379056546512553        1.4766240164294651       0.71389289289288360     
   4.5128247865617928        1.4683007859420001       0.71290290290289360     
   4.4878459907153250        1.4600123136903516       0.71191291291290359     
   4.4629690162077713        1.4517585062417253       0.71092292292291359     
   4.4381936121595036        1.4435392702514045       0.70993293293292359     
   4.4135195277173533        1.4353545124670208       0.70894294294293358     
   4.3889465120566182        1.4272041397230701       0.70795295295294347     
   4.3644743143830382        1.4190880589463948       0.70696296296295347     
   4.3401026839348091        1.4110061771519793       0.70597297297296346     
   4.3158313699845561        1.4029584014476064       0.70498298298297346     
   4.2916601218413781        1.3949446390331492       0.70399299299298346     
   4.2675886888527890        1.3869647971968659       0.70300300300299345     
   4.2436168204067704        1.3790187833211951       0.70201301301300334     
   4.2197442659337385        1.3711065048796536       0.70102302302301334     
   4.1959707749085551        1.3632278694393489       0.70003303303302333     
   4.1722960968525413        1.3553827846581277       0.69904304304303333     
   4.1487199815597746        1.3475711580663243       0.69805305305304333     
   4.1252421782018720        1.3397928979563516       0.69706306306305332     
   4.1018624366758214        1.3320479120447692       0.69607307307306321     
   4.0785805067087866        1.3243361083650356       0.69508308308307321     
   4.0553961380843919        1.3166573950449174       0.69409309309308320     
   4.0323090806447288        1.3090116803075853       0.69310310310309320     
   4.0093190842923709        1.3013988724714958       0.69211311311310320     
   3.9864258989923944        1.2938188799510588       0.69112312312311319     
   3.9636292747743309        1.2862716112530892       0.69013313313312308     
   3.9409289617342238        1.2787569749844836       0.68914314314313307     
   3.9183247100366123        1.2712748798473397       0.68815315315314307     
   3.8958162923207937        1.2638252122343203       0.68716316316315307     
   3.8734034140857734        1.2564079258502552       0.68617317317316306     
   3.8510858481178536        1.2490229072834342       0.68518318318317306     
   3.8288633448755918        1.2416700656236330       0.68419319319318295     
   3.8067356548960509        1.2343493100591902       0.68320320320319294     
   3.7847025287967804        1.2270605498765672       0.68221321321320294     
   3.7627637172778892        1.2198036944608803       0.68122322322321294     
   3.7409189711239432        1.2125786532964768       0.68023323323322293     
   3.7191680412060557        1.2053853359656566       0.67924324324323293     
   3.6975106784838396        1.1982236521504854       0.67825325325324282     
   3.6759466340073641        1.1910935116341230       0.67726326326325281     
   3.6544756589192784        1.1839948242987142       0.67627327327326281     
   3.6330975044566594        1.1769275001271433       0.67528328328327281     
   3.6118119219530733        1.1698914492019603       0.67429329329328280     
   3.5906186628405830        1.1628865817087741       0.67330330330329280     
   3.5695174786516906        1.1559128079325331       0.67231331331330269     
   3.5485081210213760        1.1489700382607382       0.67132332332331268     
   3.5275903416890468        1.1420581831825545       0.67033333333332268     
   3.5067638925005293        1.1351771532891486       0.66934334334333268     
   3.4860285254100409        1.1283268592745945       0.66835335335334267     
   3.4653839924822201        1.1215072119358080       0.66736336336335267     
   3.4448300458940495        1.1147181221712827       0.66637337337336255     
   3.4243664379368437        1.1079595009848713       0.66538338338337255     
   3.4039929210182618        1.1012312594837483       0.66439339339338255     
   3.3837092476642345        1.0945333088773967       0.66340340340339254     
   3.3635151705209521        1.0878655604811143       0.66241341341340254     
   3.3434104423568489        1.0812279257136881       0.66142342342341254     
   3.3233948160645248        1.0746203160997803       0.66043343343342242     
   3.3034680446627607        1.0680426432683445       0.65944344344343242     
   3.2836298812905529        1.0614948189615381       0.65845345345344242     
   3.2638800792406455        1.0549767550043012       0.65746346346345241     
   3.2442183919141456        1.0484883633497946       0.65647347347346241     
   3.2246445728540314        1.0420295560507828       0.65548348348347241     
   3.2051583757392095        1.0356002452653210       0.65449349349348229     
   3.1857595543864625        1.0292003432592876       0.65350350350349229     
   3.1664478627523973        1.0228297624054370       0.65251351351350229     
   3.1472230549353717        1.0164884151830387       0.65152352352351228     
   3.1280848851774552        1.0101762141792752       0.65053353353352228     
   3.1090331078662081        1.0038930720895345       0.64954354354353228     
   3.0900674775371377       0.99763890171739134       0.64855355355354216     
   3.0711877488748556       0.99141361597360134       0.64756356356355216     
   3.0523936767155195       0.98521712787929228       0.64657357357356215     
   3.0336850160485995       0.97904935056342357       0.64558358358357215     
   3.0150615220188373       0.97291019726370032       0.64459359359358215     
   2.9965229499281043       0.96679958132872290       0.64360360360359214     
   2.9780690552373428       0.96071741621541462       0.64261361361360203     
   2.9596995935684909       0.95466361549168899       0.64162362362361203     
   2.9414143207063286       0.94863809283431477       0.64063363363362202     
   2.9232129926004089       0.94264076203242808       0.63964364364363202     
   2.9050953653669507       0.93667153698427541       0.63865365365364202     
   2.8870611952907108       0.93073033169965647       0.63766366366365201     
   2.8691102388268841       0.92481706029977306       0.63667367367366190     
   2.8512422526029608       0.91893163701734792       0.63568368368367190     
   2.8334569934206288       0.91307397619648678       0.63469369369368189     
   2.8157542182576156       0.90724399229346486       0.63370370370369189     
   2.7981336842695836       0.90144159987685457       0.63271371371370189     
   2.7805951487919529       0.89566671362766426       0.63172372372371188     
   2.7631383693418003       0.88991924833962688       0.63073373373372177     
   2.7457631036196761       0.88419911891966163       0.62974374374373177     
   2.7284691095114617       0.87850624038721514       0.62875375375374176     
   2.7112561450902244       0.87284052787611299       0.62776376376375176     
   2.6941239686180292       0.86720189663320046       0.62677377377376176     
   2.6770723385477901       0.86159026201993583       0.62578378378377164     
   2.6601010135250847       0.85600553951110103       0.62479379379378164     
   2.6432097523899767       0.85044764469639855       0.62380380380379163     
   2.6263983141788332       0.84491649328052265       0.62281381381380163     
   2.6096664581261368       0.83941200108215064       0.62182382382381163     
   2.5930139436662860       0.83393408403570168       0.62083383383382162     
   2.5764405304353906       0.82848265819080691       0.61984384384383151     
   2.5599459867963623       0.82305763118976072       0.61885385385384151     
   2.5435300557475471       0.81765893635954467       0.61786386386385150     
   2.5271925060642202       0.81228648157387950       0.61687387387386150     
   2.5109330982072353       0.80694018334667017       0.61588388388387150     
   2.4947515928480604       0.80161995830729271       0.61489389389388149     
   2.4786477508705556       0.79632572320198503       0.61390390390389138     
   2.4626213333727263       0.79105739489454252       0.61291391391390138     
   2.4466721016684705       0.78581489036518271       0.61192392392391137     
   2.4307998172893335       0.78059812671173001       0.61093393393392137     
   2.4150042419862414       0.77540702114990601       0.60994394394393137     
   2.3992851377312241       0.77024149101282857       0.60895395395394136     
   2.3836422667191699       0.76510145375155003       0.60796396396395125     
   2.3680753913695138       0.75998682693539110       0.60697397397396124     
   2.3525842743279815       0.75489752825262080       0.60598398398397124     
   2.3371686784682604       0.74983347550930568       0.60499399399398124     
   2.3218283668937305       0.74479458663119291       0.60400400400399124     
   2.3065631029391507       0.73978077966237898       0.60301401401400123     
   2.2913726501723368       0.73479197276645314       0.60202402402401112     
   2.2762567723958500       0.72982808422662748       0.60103403403402111     
   2.2612152336486626       0.72488903244571001       0.60004404404403111     
   2.2462477760555744       0.71997475809829814       0.59905405405404111     
   2.2313542084379083       0.71508513552281661       0.59806406406405110     
   2.2165342734015940       0.71022010563417814       0.59707407407406110     
   2.2017877359478635       0.70537958731580763       0.59608408408407099     
   2.1871143613226254       0.70056349957185282       0.59509409409408098     
   2.1725139150180870       0.69577176152710818       0.59410410410409098     
   2.1579861627743990       0.69100429242733497       0.59311411411410098     
   2.1435308705812450       0.68626101163972031       0.59212412412411097     
   2.1291478046794716       0.68154183865293549       0.59113413413412097     
   2.1148367315626735       0.67684669307690004       0.59014414414413086     
   2.1005974179787978       0.67217549464348769       0.58915415415414085     
   2.0864296309317241       0.66752816320684627       0.58816416416415085     
   2.0723331376828469       0.66290461874282780       0.58717417417416085     
   2.0583077057526356       0.65830478134988646       0.58618418418417084     
   2.0443531029222153       0.65372857124900097       0.58519419419418084     
   2.0304690972349042       0.64917590878346010       0.58420420420419072     
   2.0166554569977704       0.64464671442020327       0.58321421421420072     
   2.0029119507831661       0.64014090874850071       0.58222422422421072     
   1.9892383474302633       0.63565841248108679       0.58123423423422071     
   1.9756344160465737       0.63119914645422270       0.58024424424423071     
   1.9620999260094643       0.62676303162779246       0.57925425425424071     
   1.9486346469676654       0.62234998908518369       0.57826426426425059     
   1.9352383488427658       0.61795994003373611       0.57727427427426059     
   1.9219108018307118       0.61359280580502329       0.57628428428427059     
   1.9086517764012023       0.60924850785489326       0.57529429429428058     
   1.8954610433063823       0.60492696776343058       0.57430430430429058     
   1.8823383735741319       0.60062810723546201       0.57331431431430058     
   1.8692835385115396       0.59635184810032282       0.57232432432431046     
   1.8562963097107179       0.59209811231266329       0.57133433433432046     
   1.8433764590411152       0.58786682195188833       0.57034434434433046     
   1.8305237501367733       0.58365790774600801       0.56935435435434045     
   1.8177379724890135       0.57947127497849238       0.56836436436435045     
   1.8050188903052664       0.57530685462824149       0.56737437437436045     
   1.7923662766051445       0.57116456927660209       0.56638438438437033     
   1.7797799046984566       0.56704434163083994       0.56539439439438033     
   1.7672595481865934       0.56294609452397604       0.56440440440439033     
   1.7548049809639130       0.55886975091542290       0.56341441441440032     
   1.7424159772191055       0.55481523389082865       0.56242442442441032     
   1.7300923114365605       0.55078246666212460       0.56143443443442032     
   1.7178337583977206       0.54677137256811748       0.56044444444443020     
   1.7056400931824258       0.54278187507397613       0.55945445445444020     
   1.6935110911702456       0.53881389777223054       0.55846446446445019     
   1.6814465280418120       0.53486736438201332       0.55747447447446019     
   1.6694461797801339       0.53094219874984128       0.55648448448447019     
   1.6575098226719083       0.52703832484940116       0.55549449449448018     
   1.6456372333088174       0.52315566678191150       0.55450450450449007     
   1.6338281885888222       0.51929414877620339       0.55351451451450007     
   1.6220824657174433       0.51545369518865880       0.55252452452451006     
   1.6103998422090338       0.51163423050373824       0.55153453453452006     
   1.5987800958880436       0.50783567933362206       0.55054454454453006     
   1.5872230048902729       0.50405796641892009       0.54955455455454005     
   1.5757283476641175       0.50030101662809245       0.54856456456454994     
   1.5642959029718060       0.49656475495831892       0.54757457457455994     
   1.5529254498906251       0.49284910653512914       0.54658458458456993     
   1.5416167678141395       0.48915399661257519       0.54559459459457993     
   1.5303696364533994       0.48547935057369790       0.54460460460458993     
   1.5191838358381362       0.48182509393025846       0.54361461461459992     
   1.5080591463179589       0.47819115232305542       0.54262462462460981     
   1.4969953485635277       0.47457745152198344       0.54163463463461980     
   1.4859922235677305       0.47098391742620332       0.54064464464462980     
   1.4750495526468408       0.46741047606414660       0.53965465465463980     
   1.4641671174416730       0.46385705359393598       0.53866466466464979     
   1.4533446999187227       0.46032357630301252       0.53767467467465979     
   1.4425820823713040       0.45680997060875544       0.53668468468466968     
   1.4318790474206686       0.45331616305818856       0.53569469469467967     
   1.4212353780171261       0.44984208032838024       0.53470470470468967     
   1.4106508574412755       0.44638764922644480       0.53371471471469967     
   1.4001252693044466       0.44295279668951587       0.53272472472470966     
   1.3896583975511043       0.43953744978521087       0.53173473473471966     
   1.3792500264586038       0.43614153571132819       0.53074474474472955     
   1.3688999406389208       0.43276498179632023       0.52975475475473954     
   1.3586079250395759       0.42940771549896928       0.52876476476474954     
   1.3483737649446839       0.42606966440898369       0.52777477477475954     
   1.3381972459759930       0.42275075624682257       0.52678478478476953     
   1.3280781540939135       0.41945091886370173       0.52579479479477953     
   1.3180162755985401       0.41617008024197277       0.52480480480478942     
   1.3080113971306595       0.41290816849499196       0.52381481481479941     
   1.2980633056727526       0.40966511186741317       0.52282482482480941     
   1.2881717884923856       0.40644083873507786       0.52183483483481941     
   1.2783366333438611       0.40323527760526146       0.52084484484482940     
   1.2685576282403852       0.40004835711665626       0.51985485485483940     
   1.2588345615134104       0.39688000603964091       0.51886486486484928     
   1.2491672218685852       0.39373015327623290       0.51787487487485928     
   1.2395553983590595       0.39059872786005884       0.51688488488486928     
   1.2299988803864068       0.38748565895684139       0.51589489489487927     
   1.2204974577015715       0.38439087586405024       0.51490490490488927     
   1.2110509204057867       0.38131430801125404       0.51391491491489927     
   1.2016590590228928       0.37825588496010198       0.51292492492490915     
   1.1923216642512329       0.37521553640451027       0.51193493493491926     
   1.1830385272487793       0.37219319217068547       0.51094494494492926     
   1.1738094395610963       0.36918878221704077       0.50995495495493925     
   1.1646341930542128       0.36620223663470131       0.50896496496494936     
   1.1555125799497392       0.36323348564710467       0.50797497497495936     
   1.1464443928257106       0.36028245961039479       0.50698498498496936     
   1.1374294246174346       0.35734908901347928       0.50599499499497946     
   1.1284674686183138       0.35443330447789373       0.50500500500498946     
   1.1195583184806743       0.35153503675814951       0.50401501501499946     
   1.1107017682069666       0.34865421674168501       0.50302502502500956     
   1.1018976121792652       0.34579077544883458       0.50203503503501956     
   1.0931456451409229       0.34294464403312730       0.50104504504502956     
   1.0844456621787093       0.34011575378120285       0.50005505505503967     
   1.0757974587515684       0.33730403611295867       0.49906506506504966     
   1.0672008306821077       0.33450942258153982       0.49807507507505971     
   1.0586555741573562       0.33173184487354423       0.49708508508506977     
   1.0501614857408632       0.32897123480892809       0.49609509509507976     
   1.0417183623395170       0.32622752434120783       0.49510510510508982     
   1.0333260012269434       0.32350064555751867       0.49411511511509987     
   1.0249842000662159       0.32079053067855751       0.49312512512510986     
   1.0166927568775013       0.31809711205878077       0.49213513513511992     
   1.0084514700497389       0.31542032218644078       0.49114514514512997     
   1.0002601383413368       0.31276009368362390       0.49015515515514002     
  0.99211856088085670       0.31011635930633374       0.48916516516515002     
  0.98402653716768729       0.30748905194449977       0.48817517517516007     
  0.97598386707271745       0.30487810462218323       0.48718518518517012     
  0.96799035083898877       0.30228345049749267       0.48619519519518012     
  0.96004578908234950       0.29970502286262168       0.48520520520519017     
  0.95214998279209440       0.29714275514411048       0.48421521521520022     
  0.94430273333159698       0.29459658090269047       0.48322522522521022     
  0.93650384243893225       0.29206643383347841       0.48223523523522027     
  0.92875311222749246       0.28955224776595606       0.48124524524523032     
  0.92105034518659623       0.28705395666407940       0.48025525525524032     
  0.91339534418207868       0.28457149462625181       0.47926526526525037     
  0.90578791245688994       0.28210479588550003       0.47827527527526043     
  0.89822785363166924       0.27965379480944585       0.47728528528527042     
  0.89071497170531810       0.27721842590039525       0.47629529529528047     
  0.88324907105556838       0.27479862379535125       0.47530530530529053     
  0.87582995643953154       0.27239432326608370       0.47431531531530058     
  0.86845743299424816       0.27000545921921693       0.47332532532531058     
  0.86113130623723000       0.26763196669626826       0.47233533533532063     
  0.85385138206698497       0.26527378087360171       0.47134534534533068     
  0.84661746676354288       0.26293083706265807       0.47035535535534068     
  0.83942936698896953       0.26060307070981392       0.46936536536535073     
  0.83228688978786936       0.25829041739659053       0.46837537537536078     
  0.82518984258788841       0.25599281283958980       0.46738538538537078     
  0.81813803320020040       0.25371019289057573       0.46639539539538083     
  0.81113126981998873       0.25144249353653386       0.46540540540539088     
  0.80416936102692493       0.24918965089975939       0.46441541541540088     
  0.79725211578562949       0.24695160123776058       0.46342542542541093     
  0.79037934344613248       0.24472828094344276       0.46243543543542098     
  0.78355085374432365       0.24251962654511328       0.46144544544543098     
  0.77676645680239564       0.24032557470646970       0.46045545545544103     
  0.77002598527155053       0.23814604008447882       0.45946546546545108     
  0.76332920576311192       0.23598100389862819       0.45847547547546114     
  0.75667595170326296       0.23383038107668311       0.45748548548547113     
  0.75006603476367906       0.23169410882454883       0.45649549549548118     
  0.74349926700445379       0.22957212448374290       0.45550550550549124     
  0.73697546087446286       0.22746436553146934       0.45451551551550123     
  0.73049442921178731       0.22537076958066718       0.45352552552551129     
  0.72405596310350473       0.22329129652059043       0.45253553553552134     
  0.71765992044862015       0.22122583995432168       0.45154554554553133     
  0.71130609311422710       0.21917436004301741       0.45055555555554139     
  0.70499429549893000       0.21713679494285348       0.44956556556555144     
  0.69872434239236569       0.21511308294595341       0.44857557557556144     
  0.69249604897555650       0.21310316248036829       0.44758558558557149     
  0.68630923082124773       0.21110697211013588       0.44659559559558154     
  0.68016370389424119       0.20912445053529638       0.44560560560559154     
  0.67405928455173048       0.20715553659195354       0.44461561561560159     
  0.66799578954360528       0.20520016925231696       0.44362562562561164     
  0.66197304453322559       0.20325827910425123       0.44263563563562169     
  0.65599085001587254       0.20132982243318670       0.44164564564563169     
  0.65004903241891654       0.19941473012229577       0.44065565565564174     
  0.64414741011156673       0.19751294164303870       0.43966566566565179     
  0.63828580178941163       0.19562439667095505       0.43867567567566179     
  0.63246401804487840       0.19374904351554473       0.43768568568567184     
  0.62668189545085962       0.19188680503694050       0.43669569569568190     
  0.62093924533924783       0.19003762986762951       0.43570570570569189     
  0.61523588803245433       0.18820145818128339       0.43471571571570194     
  0.60957164422362120       0.18637823031279405       0.43372572572571200     
  0.60394633500169437       0.18456788673352417       0.43273573573572199     
  0.59835978185167105       0.18277036805130054       0.43174574574573205     
  0.59281180665482713       0.18098561501046809       0.43075575575574210     
  0.58730223168898710       0.17921356849188813       0.42976576576575209     
  0.58183087962869617       0.17745416951301182       0.42877577577576215     
  0.57639757354549093       0.17570735922787042       0.42778578578577220     
  0.57100213690808332       0.17397307892714201       0.42679579579578225     
  0.56564439358258745       0.17225127003814306       0.42580580580579225     
  0.56032416783272232       0.17054187412489041       0.42481581581580230     
  0.55504128432000854       0.16884483288809352       0.42382582582581235     
  0.54979556810396579       0.16716008816521222       0.42283583583582235     
  0.54458684464230245       0.16548758193049620       0.42184584584583240     
  0.53941493979109800       0.16382725629496928       0.42085585585584245     
  0.53427967980498303       0.16217905350649986       0.41986586586585245     
  0.52918089133731316       0.16054291594979572       0.41887587587586250     
  0.52411840143520971       0.15891878615159022       0.41788588588587255     
  0.51909203756012301       0.15730660676025185       0.41689589589588255     
  0.51410162755756628       0.15570632057624603       0.41590590590589260     
  0.50914699968293931       0.15411787052647022       0.41491591591590266     
  0.50422798257480539       0.15254119969121066       0.41392592592591265     
  0.49934440528763124       0.15097625127152015       0.41293593593592270     
  0.49449609727032279       0.14942296861086421       0.41194594594593276     
  0.48968288837173907       0.14788129518979815       0.41095595595594281     
  0.48490460884081493       0.14635117462596142       0.40996596596595281     
  0.48016108932669871       0.14483255067412937       0.40897597597596286     
  0.47545216087886871       0.14332536722623529       0.40798598598597291     
  0.47077765494725976       0.14182956831139037       0.40699599599598291     
  0.46613740338237686       0.14034509809591725       0.40600600600599296     
  0.46153123843540467       0.13887190088337045       0.40501601601600301     
  0.45695899275832397       0.13740992111456984       0.40402602602601301     
  0.45242049940400464       0.13595910336761852       0.40303603603602306     
  0.44791559182631885       0.13451939235794907       0.40204604604603311     
  0.44344410388022926       0.13309073293831675       0.40105605605604311     
  0.43900586982189016       0.13167307009886992       0.40006606606605316     
  0.43460072430873092       0.13026634896712933       0.39907607607606321     
  0.43022850239954991       0.12887051480805736       0.39808608608607321     
  0.42588903955459306       0.12748551302405778       0.39709609609608326     
  0.42158217163563932       0.12611128915501721       0.39610610610609331     
  0.41730773490607392       0.12474778887832698       0.39511611611610337     
  0.41306556603096756       0.12339495800890220       0.39412612612611336     
  0.40885550207714355       0.12205274249922644       0.39313613613612342     
  0.40467738051325136       0.12072108843936645       0.39214614614613347     
  0.40053103920982930       0.11939994205700362       0.39115615615614346     
  0.39641631643937136       0.11808924971746255       0.39016616616615352     
  0.39233305087638348       0.11678895792373147       0.38917617617616357     
  0.38828108159745006       0.11549901331650929       0.38818618618617357     
  0.38426024808128156       0.11421936267420180       0.38719619619618362     
  0.38027039020877296       0.11294995291298453       0.38620620620619367     
  0.37631134826305712       0.11169073108680586       0.38521621621620367     
  0.37238296292955164       0.11044164438743247       0.38422622622621372     
  0.36848507529600444       0.10920264014446598       0.38323623623622377     
  0.36461752685254750       0.10797366582536802       0.38224624624623382     
  0.36078015949173342       0.10675466903551643       0.38125625625624382     
  0.35697281550831123       0.10554559751819527       0.38026626626625387     
  0.35319533760033955       0.10434639915465660       0.37927627627626392     
  0.34944756886762551       0.10315702196413512       0.37828628628627392     
  0.34572935281269507       0.10197741410388673       0.37729629629628397     
  0.34204053334107809       0.10080752386918486       0.37630630630629402     
  0.33838095476058083        9.9647299693419816E-002  0.37531631631630402     
  0.33475046178182261        9.8496690148058202E-002  0.37432632632631407     
  0.33114889951815124        9.7355643942711886E-002  0.37333633633632413     
  0.32757611348566718        9.6224109925166584E-002  0.37234634634633412     
  0.32403194960326198        9.5102037081385690E-002  0.37135635635634417     
  0.32051625419264718        9.3989374535595013E-002  0.37036636636635423     
  0.31702887397838531        9.2886071550250054E-002  0.36937637637636422     
  0.31356965608792031        9.1792077526121771E-002  0.36838638638637428     
  0.31013844805160723        9.0707342002298227E-002  0.36739639639638433     
  0.30673509779632080        8.9631814662651590E-002  0.36640640640639438     
  0.30335945367118178        8.8565445310170382E-002  0.36541641641640438     
  0.30001136440904180        8.7508183905549333E-002  0.36442642642641443     
  0.29669067915217751        8.6459980541499587E-002  0.36343643643642448     
  0.29339724744599605        8.5420785449239908E-002  0.36244644644643448     
  0.29013091923899936        8.4390548998502360E-002  0.36145645645644453     
  0.28689154488276331        8.3369221697582693E-002  0.36046646646645458     
  0.28367897513205542        8.2356754193373682E-002  0.35947647647646458     
  0.28049306114484296        8.1353097271394656E-002  0.35848648648647463     
  0.27733365448232916        8.0358201855817032E-002  0.35749649649648468     
  0.27420060710899041        7.9372019009524841E-002  0.35650650650649468     
  0.27109377139261437        7.8394499934129017E-002  0.35551651651650473     
  0.26801300010434165        7.7425595970012959E-002  0.35452652652651478     
  0.26495814641871129        7.6465258596366062E-002  0.35353653653652478     
  0.26192906391369880        7.5513439431214011E-002  0.35254654654653483     
  0.25892560657077313        7.4570090231470515E-002  0.35155655655654489     
  0.25594762877494059        7.3635162892960362E-002  0.35056656656655494     
  0.25299498531479842        7.2708609450455874E-002  0.34957657657656493     
  0.25006753138259130        7.1790382077733611E-002  0.34858658658657499     
  0.24716512257114132        7.0880433090718967E-002  0.34759659659658504     
  0.24428761488643486        6.9978714935012232E-002  0.34660660660659504     
  0.24143486472889825        6.9085180204712118E-002  0.34561661661660509     
  0.23860672890599893        6.8199781629932704E-002  0.34462662662661514     
  0.23580306462918305        6.7322472079966778E-002  0.34363663663662514     
  0.23302372951395978        6.6453204563328067E-002  0.34264664664663519     
  0.23026858157998353        6.5591932227788877E-002  0.34165665665664524     
  0.22753747925114312        6.4738608360422792E-002  0.34066666666665524     
  0.22483028135565736        6.3893186387646808E-002  0.33967667667666529     
  0.22214684712617577        6.3055619875247743E-002  0.33868668668667534     
  0.21948703619988474        6.2225862528438751E-002  0.33769669669668534     
  0.21685070861862130        6.1403868191884786E-002  0.33670670670669539     
  0.21423772482899361        6.0589590849756743E-002  0.33571671671670544     
  0.21164794568250764        5.9782984625759719E-002  0.33472672672671550     
  0.20908123243570312        5.8984003783181901E-002  0.33373673673672549     
  0.20653744674657065        5.8192602728649220E-002  0.33274674674673554     
  0.20401645068960361        5.7408735997284202E-002  0.33175675675674560     
  0.20151810673360893        5.6632358275077753E-002  0.33076676676675559     
  0.19904227775677721        5.5863424384037769E-002  0.32977677677676565     
  0.19658882704313663        5.5101889285955843E-002  0.32878678678677570     
  0.19415761828274306        5.4347708082445073E-002  0.32779679679678569     
  0.19174851557188141        5.3600836014983416E-002  0.32680680680679575     
  0.18936138341327838        5.2861228464945904E-002  0.32581681681680580     
  0.18699608671631676        5.2128840953668931E-002  0.32482682682681580     
  0.18465249079730781        5.1403629142431261E-002  0.32383683683682585     
  0.18233046137969003        5.0685548832572966E-002  0.32284684684683590     
  0.18002986459432618        4.9974555965478805E-002  0.32185685685684590     
  0.17775056697977401        4.9270606622641724E-002  0.32086686686685595     
  0.17549243548257917        4.8573657025675614E-002  0.31987687687686600     
  0.17325533745758429        4.7883663536394179E-002  0.31888688688687605     
  0.17103914066825510        4.7200582656806038E-002  0.31789689689688605     
  0.16884371328702313        4.6524371029180861E-002  0.31690690690689610     
  0.16666892389564786        4.5854985436075815E-002  0.31591691691690615     
  0.16451464148559472        4.5192382800363209E-002  0.31492692692691615     
  0.16238073545843690        4.4536520185275909E-002  0.31393693693692620     
  0.16026707562627490        4.3887354794444972E-002  0.31294694694693626     
  0.15817353221217867        4.3244843971915289E-002  0.31195695695694625     
  0.15609997585065005        4.2608945202196463E-002  0.31096696696695630     
  0.15404627758759079        4.1979616110280588E-002  0.30997697697696636     
  0.15201230888287426        4.1356814461676265E-002  0.30898698698697635     
  0.14999794160783303        4.0740498162441102E-002  0.30799699699698641     
  0.14800304804844336        4.0130625259199172E-002  0.30700700700699646     
  0.14602750090299282        3.9527153939178994E-002  0.30601701701700645     
  0.14407117328629676        3.8930042530225160E-002  0.30502702702701651     
  0.14213393872797903        3.8339249500827829E-002  0.30403703703702656     
  0.14021567117373890        3.7754733460142041E-002  0.30304704704703661     
  0.13831624498582426        3.7176453158000188E-002  0.30205705705704661     
  0.13643553494471550        3.6604367484935854E-002  0.30106706706705666     
  0.13457341624599062        3.6038435472194506E-002  0.30007707707706671     
  0.13272976451202936        3.5478616291743571E-002  0.29908708708707671     
  0.13090445577814699        3.4924869256282298E-002  0.29809709709708676     
  0.12909736631578364        3.4377153819248239E-002  0.29710710710709681     
  0.12730837356424193        3.3835429574814897E-002  0.29611711711710681     
  0.12553735426747503        3.3299656257900649E-002  0.29512712712711686     
  0.12378418633845227        3.2769793744159219E-002  0.29413713713712691     
  0.12204874792867944        3.2245802049972391E-002  0.29314714714713691     
  0.12033091897860054        3.1727641332442248E-002  0.29215715715714696     
  0.11863057440376355        3.1215271889374910E-002  0.29116716716715701     
  0.11694759772998760        3.0708654159259753E-002  0.29017717717716701     
  0.11528186744880731        3.0207748721246399E-002  0.28918718718717706     
  0.11363326385604242        2.9712516295127115E-002  0.28819719719718712     
  0.11200166767956803        2.9222917741279567E-002  0.28720720720719717     
  0.11038696007680535        2.8738914060660203E-002  0.28621721721720716     
  0.10878902264187311        2.8260466394730201E-002  0.28522722722721722     
  0.10720773740524478        2.7787536025428810E-002  0.28423723723722727     
  0.10564298683548734        2.7320084375107728E-002  0.28324724724723727     
  0.10409465384063449        2.6858073006471257E-002  0.28225725725724732     
  0.10256262177082681        2.6401463622501099E-002  0.28126726726725737     
  0.10104677441862754        2.5950218066403234E-002  0.28027727727726737     
   9.9546996021752682E-002   2.5504298321490232E-002  0.27928728728727742     
   9.8063171266412549E-002   2.5063666511129398E-002  0.27829729729728747     
   9.6595185282418644E-002   2.4628284898610495E-002  0.27730730730729747     
   9.5142923655287703E-002   2.4198115887061611E-002  0.27631731731730752     
   9.3706272421584441E-002   2.3773122019325049E-002  0.27532732732731757     
   9.2285118072677891E-002   2.3353265977836535E-002  0.27433733733732757     
   9.0879347556899776E-002   2.2938510584483252E-002  0.27334734734733762     
   8.9488848281760736E-002   2.2528818800472084E-002  0.27235735735734767     
   8.8113508116227174E-002   2.2124153726166343E-002  0.27136736736735773     
   8.6753215393051641E-002   2.1724478600925464E-002  0.27037737737736772     
   8.5407858911161566E-002   2.1329756802926658E-002  0.26938738738737777     
   8.4077327938104351E-002   2.0939951848979003E-002  0.26839739739738783     
   8.2761512212536748E-002   2.0555027394323348E-002  0.26740740740739782     
   8.1460301946767802E-002   2.0174947232427243E-002  0.26641741741740788     
   8.0173587829349746E-002   1.9799675294749082E-002  0.26542742742741793     
   7.8901261027701716E-002   1.9429175650511405E-002  0.26443743743742792     
   7.7643213190781879E-002   1.9063412506447861E-002  0.26344744744743798     
   7.6399336451781846E-002   1.8702350206534608E-002  0.26245745745744803     
   7.5169523430855548E-002   1.8345953231716384E-002  0.26146746746745803     
   7.3953667239575985E-002   1.7994186197898106E-002  0.26047747747746808     
   7.2751661476793850E-002   1.7647013862546780E-002  0.25948748748747813     
   7.1563400241845973E-002   1.7304401113915853E-002  0.25849749749748818     
   7.0388778130300603E-002   1.6966312977738183E-002  0.25750750750749818     
   6.9227690238480868E-002   1.6632714615086419E-002  0.25651751751750823     
   6.8080032164791512E-002   1.6303571323424446E-002  0.25552752752751823     
   6.6945700018091317E-002   1.5978848530524094E-002  0.25453753753752822     
   6.5824590411738895E-002   1.5658511802685092E-002  0.25354754754753822     
   6.4716600471986421E-002   1.5342526838511474E-002  0.25255755755754827     
   6.3621627838433684E-002   1.5030859469929306E-002  0.25156756756755827     
   6.2539570668824193E-002   1.4723475661748000E-002  0.25057757757756827     
   6.1470327637863892E-002   1.4420341511185502E-002  0.24958758758757826     
   6.0413797941122803E-002   1.4121423247376721E-002  0.24859759759758829     
   5.9369881299629515E-002   1.3826687230875337E-002  0.24760760760759828     
   5.8338477955361193E-002   1.3536099953139815E-002  0.24661761761760828     
   5.7319488680209613E-002   1.3249628035991078E-002  0.24562762762761831     
   5.6312814771354164E-002   1.2967238231067742E-002  0.24463763763762830     
   5.5318358057268056E-002   1.2688897419262024E-002  0.24364764764763830     
   5.4336020896019903E-002   1.2414572610147979E-002  0.24265765765764832     
   5.3365706176626587E-002   1.2144230941378811E-002  0.24166766766765832     
   5.2407317319413498E-002   1.1877839678098889E-002  0.24067767767766832     
   5.1460758276020348E-002   1.1615366212321268E-002  0.23968768768767834     
   5.0525933529013273E-002   1.1356778062313494E-002  0.23869769769768834     
   4.9602748091061834E-002   1.1102042871961320E-002  0.23770770770769833     
   4.8691107503674634E-002   1.0851128410139294E-002  0.23671771771770836     
   4.7790917835383868E-002   1.0604002570064755E-002  0.23572772772771836     
   4.6902085679422792E-002   1.0360633368658482E-002  0.23473773773772838     
   4.6024518150791581E-002   1.0120988945909421E-002  0.23374774774773838     
   4.5158122882688785E-002   9.8850375642180553E-003  0.23275775775774837     
   4.4302808022259728E-002   9.6527476077854554E-003  0.23176776776775840     
   4.3458482225603667E-002   9.4240875819738123E-003  0.23077777777776839     
   4.2625054652000990E-002   9.1990261126993454E-003  0.22978778778777839     
   4.1802434957293945E-002   8.9775319458338752E-003  0.22879779779778842     
   4.0990533286372699E-002   8.7595739466362083E-003  0.22780780780779841     
   4.0189260264704561E-002   8.5451210991916837E-003  0.22681781781780841     
   3.9398526988847341E-002   8.3341425059027235E-003  0.22582782782781843     
   3.8618245015881146E-002   8.1266073869891466E-003  0.22483783783782843     
   3.7848326351697555E-002   7.9224850800546590E-003  0.22384784784783843     
   3.7088683438065706E-002   7.7217450396728443E-003  0.22285785785784845     
   3.6339229138421004E-002   7.5243568370605427E-003  0.22186786786785845     
   3.5599876722279294E-002   7.3302901597741494E-003  0.22087787787786844     
   3.4870539848214338E-002   7.1395148114966256E-003  0.21988788788787847     
   3.4151132545300507E-002   6.9520007119073350E-003  0.21889789789788847     
   3.3441569192938662E-002   6.7677178966061265E-003  0.21790790790789846     
   3.2741764498960907E-002   6.5866365171600265E-003  0.21691791791790849     
   3.2051633475917857E-002   6.4087268412544229E-003  0.21592792792791848     
   3.1371091415424927E-002   6.2339592529322531E-003  0.21493793793792851     
   3.0700053860440561E-002   6.0623042529961684E-003  0.21394794794793850     
   3.0038436575413857E-002   5.8937324595284826E-003  0.21295795795794850     
   2.9386155513942146E-002   5.7282146085646610E-003  0.21196796796795853     
   2.8743126784056740E-002   5.5657215549588888E-003  0.21097797797796852     
   2.8109266610724229E-002   5.4062242734026714E-003  0.20998798798797852     
   2.7484491295123360E-002   5.2496938599889435E-003  0.20899799799798854     
   2.6868717172319638E-002   5.0961015324181291E-003  0.20800800800799854     
   2.6261860562712635E-002   4.9454186332055739E-003  0.20701801801800854     
   2.5663837721056276E-002   4.7976166318132113E-003  0.20602802802801856     
   2.5074564783216190E-002   4.6526671251698685E-003  0.20503803803802856     
   2.4493957705215858E-002   4.5105418415915793E-003  0.20404804804803856     
   2.3921932200636788E-002   4.3712126415750788E-003  0.20305805805804858     
   2.3358403662880344E-002   4.2346515283767459E-003  0.20206806806805858     
   2.2803287099074802E-002   4.1008306408691526E-003  0.20107807807806857     
   2.2256497038515476E-002   3.9697222650168966E-003  0.20008808808807860     
   2.1717947441756379E-002   3.8412988367977643E-003  0.19909809809808859     
   2.1187551598513724E-002   3.7155329475230107E-003  0.19810810810809862     
   2.0665222014096471E-002   3.5923973497946847E-003  0.19711811811810862     
   2.0150870283418162E-002   3.4718649641859211E-003  0.19612812812811861     
   1.9644406949863441E-002   3.3539088867324002E-003  0.19513813813812864     
   1.9145741346713992E-002   3.2385023973323206E-003  0.19414814814813863     
   1.8654781417887966E-002   3.1256189691747822E-003  0.19315815815814863     
   1.8171433514349022E-002   3.0152322793476224E-003  0.19216816816815865     
   1.7695602161421360E-002   2.9073162207816053E-003  0.19117817817816865     
   1.7227189791332882E-002   2.8018449157319056E-003  0.19018818818817865     
   1.6766096434550223E-002   2.6987927310474927E-003  0.18919819819818867     
   1.6312219359907197E-002   2.5981342954837952E-003  0.18820820820819867     
   1.5865452652218923E-002   2.4998445194544050E-003  0.18721821821820867     
   1.5425686727740633E-002   2.4038986175875946E-003  0.18622822822821869     
   1.4992807732860710E-002   2.3102721346401488E-003  0.18523823823822869     
   1.4566696858480164E-002   2.2189409753734842E-003  0.18424824824823868     
   1.4147229500964923E-002   2.1298814391873793E-003  0.18325825825824871     
   1.3734274255654775E-002   2.0430702604510623E-003  0.18226826826825870     
   1.3327691695814322E-002   1.9584846557468296E-003  0.18127827827826873     
   1.2927332883350700E-002   1.8761023795234833E-003  0.18028828828827873     
   1.2533037541245278E-002   1.7959017900308575E-003  0.17929829829828872     
   1.2144631797963575E-002   1.7178619279571291E-003  0.17830830830829875     
   1.1761925387655279E-002   1.6419626107714838E-003  0.17731831831830874     
   1.1384708155810103E-002   1.5681845466828284E-003  0.17632832832831874     
   1.1012745675446783E-002   1.4965094731660751E-003  0.17533833833832876     
   1.0645773719562596E-002   1.4269203283393450E-003  0.17434834834833876     
   1.0283491275215783E-002   1.3594014522293277E-003  0.17335835835834876     
   9.9255516535959095E-003   1.2939388565721163E-003  0.17236836836835878     
   9.5715512044695014E-003   1.2305205395676470E-003  0.17137837837836878     
   9.2210149508566517E-003   1.1691368911771406E-003  0.17038838838837878     
   8.8733783677316467E-003   1.1097812002046281E-003  0.16939839839838880     
   8.5279644113508950E-003   1.0524502912749448E-003  0.16840840840839880     
   8.1839548703658369E-003   9.9714533767361222E-004  0.16741841841840879     
   7.8403553037312938E-003   9.4387286232616187E-004  0.16642842842841882     
   7.4959532254056955E-003   8.9264601061584087E-004  0.16543843843842881     
   7.1492701310673602E-003   8.4348611322528316E-004  0.16444844844843881     
   6.7985090470302221E-003   7.9642459198312908E-004  0.16345845845844884     
   6.4414997116732792E-003   7.5150523755911113E-004  0.16246846846845883     
   6.0756404804857217E-003   7.0878688437058445E-004  0.16147847847846886     
   5.6978238028530387E-003   6.6834654546631903E-004  0.16048848848847885     
   5.3043024289893643E-003   6.3028323428927855E-004  0.15949849849848885     
   4.8904030226387292E-003   5.9472312339251758E-004  0.15850850850849887     
   4.4499637293594118E-003   5.6182743430883595E-004  0.15751851851850887     
   3.9746965532594268E-003   5.3180468232617471E-004  0.15652852852851887     
   3.4567670381624605E-003   5.0492103334823322E-004  0.15553853853852889     
   2.9152039743450165E-003   4.8143807824913693E-004  0.15454854854853889     
   2.4521088218797857E-003   4.6124230121231366E-004  0.15355855855854889     
   2.1356518633507317E-003   4.4355313988179182E-004  0.15256856856855891     
   1.9210349041488164E-003   4.2755527507563424E-004  0.15157857857856891     
   1.7634532450080864E-003   4.1275500955215334E-004  0.15058858858857890     
   1.6396225386329638E-003   3.9887072198442196E-004  0.14959859859858893     
   1.5375458183623516E-003   3.8572899348604035E-004  0.14860860860859892     
   1.4505206081584854E-003   3.7321421726613973E-004  0.14761861861860892     
   1.3744953580202416E-003   3.6124432438702509E-004  0.14662862862861895     
   1.3068571046324772E-003   3.4975816558206583E-004  0.14563863863862894     
   1.2458308166038328E-003   3.3870842817261125E-004  0.14464864864863897     
   1.1901590622154818E-003   3.2805739154893827E-004  0.14365865865864896     
   1.1389200182570093E-003   3.1777424267581916E-004  0.14266866866865896     
   1.0914184079194294E-003   3.0783330087389994E-004  0.14167867867866898     
   1.0471171372020522E-003   2.9821279945152973E-004  0.14068868868867898     
   1.0055927747667291E-003   2.8889402291036652E-004  0.13969869869868898     
   9.6650559558492013E-004   2.7986067942206526E-004  0.13870870870869900     
   9.2957884647515844E-004   2.7109843380982113E-004  0.13771871871870900     
   8.9458403682837816E-004   2.6259455296851803E-004  0.13672872872871900     
   8.6133027550516132E-004   2.5433763190734886E-004  0.13573873873872902     
   8.2965639154432725E-004   2.4631737877705813E-004  0.13474874874873902     
   7.9942501185483350E-004   2.3852444385924005E-004  0.13375875875874901     
   7.7051804136007962E-004   2.3095028184750294E-004  0.13276876876875904     
   7.4283316573358173E-004   2.2358703969844985E-004  0.13177877877876903     
   7.1628111149120617E-004   2.1642746440882110E-004  0.13078878878877903     
   6.9078347501993196E-004   2.0946482647096515E-004  0.12979879879878906     
   6.6627098454751107E-004   2.0269285582803559E-004  0.12880880880879905     
   6.4268209550577516E-004   1.9610568788205171E-004  0.12781881881880908     
   6.1996184541257158E-004   1.8969781765321397E-004  0.12682882882881907     
   5.9806091282441868E-004   1.8346406062790847E-004  0.12583883883882907     
   5.7693483819063330E-004   1.7739951910180807E-004  0.12484884884883908     
   5.5654337458879092E-004   1.7149955311377335E-004  0.12385885885884909     
   5.3684994243748585E-004   1.6575975519650697E-004  0.12286886886885910     
   5.1782117005885850E-004   1.6017592835608100E-004  0.12187887887886910     
   4.9942650318924036E-004   1.5474406677500223E-004  0.12088888888887911     
   4.8163787224042451E-004   1.4946033883762145E-004  0.11989889889888912     
   4.6442940681671728E-004   1.4432107214153148E-004  0.11890890890889912     
   4.4777718987679219E-004   1.3932274021391560E-004  0.11791891891890913     
   4.3165904547173319E-004   1.3446195070211005E-004  0.11692892892891914     
   4.1605435404706609E-004   1.2973543483977223E-004  0.11593893893892913     
   4.0094389165069703E-004   1.2514003802833342E-004  0.11494894894893914     
   3.8630968924420879E-004   1.2067271138754368E-004  0.11395895895894916     
   3.7213490922960132E-004   1.1633050415571356E-004  0.11296896896895917     
   3.5840373672992569E-004   1.1211055684377837E-004  0.11197897897896916     
   3.4510128357508187E-004   1.0801009504698896E-004  0.11098898898897917     
   3.3221350326190831E-004   1.0402642384393811E-004  0.10999899899898918     
   3.1972711543293281E-004   1.0015692271603441E-004  0.10900900900899918     
   3.0762953862861395E-004   9.6399040925287244E-005  0.10801901901900919     
   2.9590883026801000E-004   9.2750293311924219E-005  0.10702902902901920     
   2.8455363294691618E-004   8.9208256455288650E-005  0.10603903903902921     
   2.7355312628759703E-004   8.5770565171981576E-005  0.10504904904903921     
   2.6289698364929476E-004   8.2434909326483012E-005  0.10405905905904922     
   2.5257533327304740E-004   7.9199030794142002E-005  0.10306906906905923     
   2.4257872293269235E-004   7.6060720967010255E-005  0.10207907907906923     
   2.3289808837398409E-004   7.3017818076641079E-005  0.10108908908907924     
   2.2352472445222717E-004   7.0068205017316106E-005  0.10009909909908925     
   2.1445025907218277E-004   6.7209807231630091E-005   9.9109109109099244E-002
   2.0566662949705796E-004   6.4440590777682782E-005   9.8119119119109255E-002
   1.9716606079483361E-004   6.1758560547540663E-005   9.7129129129119265E-002
   1.8894104620473972E-004   5.9161758624162673E-005   9.6139139139129276E-002
   1.8098432922392357E-004   5.6648262762546778E-005   9.5149149149139273E-002
   1.7328888724712230E-004   5.4216184985062123E-005   9.4159159159149283E-002
   1.6584791660354689E-004   5.1863670285342693E-005   9.3169169169159294E-002
   1.5865481885904461E-004   4.9588895423338416E-005   9.2179179179169290E-002
   1.5170318825925703E-004   4.7390067815902950E-005   9.1189189189179301E-002
   1.4498680021296910E-004   4.5265424506863595E-005   9.0199199199189312E-002
   1.3849960072077726E-004   4.3213231211309912E-005   8.9209209209199308E-002
   1.3223569666078318E-004   4.1231781434622290E-005   8.8219219219209319E-002
   1.2618934679381461E-004   3.9319395651198863E-005   8.7229229229219329E-002
   1.2035495368657908E-004   3.7474420546741244E-005   8.6239239239229340E-002
   1.1472705594894781E-004   3.5695228315536741E-005   8.5249249249239337E-002
   1.0930032141722113E-004   3.3980216009959936E-005   8.4259259259249347E-002
   1.0406954064729119E-004   3.2327804934789657E-005   8.3269269269259358E-002
   9.9029621009739241E-005   3.0736440092224834E-005   8.2279279279269354E-002
   9.4175581251323371E-005   2.9204589663190604E-005   8.1289289289279365E-002
   8.9502546402572437E-005   2.7730744529095650E-005   8.0299299299289376E-002
   8.5005743192987596E-005   2.6313417829702617E-005   7.9309309309299386E-002
   8.0680495731459117E-005   2.4951144555604695E-005   7.8319319319309383E-002
   7.6522221563538387E-005   2.3642481170218946E-005   7.7329329329319393E-002
   7.2526428036447612E-005   2.2386005263564350E-005   7.6339339339329404E-002
   6.8688708920032165E-005   2.1180315229119301E-005   7.5349349349339401E-002
   6.5004741347068467E-005   2.0024029971967935E-005   7.4359359359349411E-002
   6.1470282916823492E-005   1.8915788634484530E-005   7.3369369369359422E-002
   5.8081169108958826E-005   1.7854250350735187E-005   7.2379379379369418E-002
   5.4833310843378112E-005   1.6838094016026498E-005   7.1389389389379429E-002
   5.1722692262347595E-005   1.5866018080005883E-005   7.0399399399389440E-002
   4.8745368692605561E-005   1.4936740354799985E-005   6.9409409409399450E-002
   4.5897464757690704E-005   1.4048997844367981E-005   6.8419419419409447E-002
   4.3175172667475132E-005   1.3201546586677313E-005   6.7429429429419457E-002
   4.0574750622728824E-005   1.2393161508962154E-005   6.6439439439429468E-002
   3.8092521385405973E-005   1.1622636304296017E-005   6.5449449449439465E-002
   3.5724870937605576E-005   1.0888783312325478E-005   6.4459459459449475E-002
   3.3468247278867920E-005   1.0190433420670270E-005   6.3469469469459486E-002
   3.1319159318679603E-005   9.5264359721322053E-006   6.2479479479469489E-002
   2.9274175874530307E-005   8.8956586852703087E-006   6.1489489489479493E-002
   2.7329924732914888E-005   8.2969875861704349E-006   6.0499499499489504E-002
   2.5483091835543215E-005   7.7293269464690690E-006   5.9509509509499507E-002
   2.3730420503831057E-005   7.1915992369582654E-006   5.8519519519509518E-002
   2.2068710761351626E-005   6.6827450820732119E-006   5.7529529529519521E-002
   2.0494818698369109E-005   6.2017232307543752E-006   5.6539539539529525E-002
   1.9005655910595736E-005   5.7475105287246702E-006   5.5549549549539536E-002
   1.7598188982832015E-005   5.3191019043464659E-006   5.4559559559549539E-002
   1.6269439034618688E-005   4.9155103564984802E-006   5.3569569569559550E-002
   1.5016481299366086E-005   4.5357669551830289E-006   5.2579579579569553E-002
   1.3836444739802095E-005   4.1789208451032635E-006   5.1589589589579557E-002
   1.2726511723378020E-005   3.8440392596969601E-006   5.0599599599589568E-002
   1.1683917708725913E-005   3.5302075402593614E-006   4.9609609609599571E-002
   1.0705950976466850E-005   3.2365291638169288E-006   4.8619619619609582E-002
   9.7899523850177011E-006   2.9621257783353328E-006   4.7629629629619585E-002
   8.9333151503960673E-006   2.7061372441389560E-006   4.6639639639629596E-002
   8.1334846579845215E-006   2.4677216846077440E-006   4.5649649649639600E-002
   7.3879582901899178E-006   2.2460555471193789E-006   4.4659659659649603E-002
   6.6942852805680266E-006   2.0403336667599678E-006   4.3669669669659614E-002
   6.0500665875486469E-006   1.8497693462221622E-006   4.2679679679669617E-002
   5.4529548042682419E-006   1.6735944411871433E-006   4.1689689689679628E-002
   4.9006540547947659E-006   1.5110594562044144E-006   4.0699699699689632E-002
   4.3909199816077641E-006   1.3614336542563438E-006   3.9709709709699635E-002
   3.9215596888566241E-006   1.2240051747546195E-006   3.8719719719709646E-002
   3.4904317635132446E-006   1.0980811658146381E-006   3.7729729729719649E-002
   3.0954463200412835E-006   9.8298792959427842E-007   3.6739739739729660E-002
   2.7345650889954831E-006   8.7807108063745500E-007   3.5749749749739664E-002
   2.4058015494603106E-006   7.8269572034573553E-007   3.4759759759749667E-002
   2.1072211252414855E-006   6.9624662387681011E-007   3.3769769769759678E-002
   1.8369414457756580E-006   6.1812844565653800E-007   3.2779779779769681E-002
   1.5931326855718475E-006   5.4776593834304810E-007   3.1789789789779692E-002
   1.3740179959817500E-006   4.8460418728923796E-007   3.0799799799789702E-002
   1.1778740410778118E-006   4.2810886102557180E-007   2.9809809809799713E-002
   1.0030316547700519E-006   3.7776647370815278E-007   2.8819819819809724E-002
   8.4787663668487105E-007   3.3308465962815283E-007   2.7829829829819734E-002
   7.1085070028900292E-007   2.9359245561838152E-007   2.6839839839829745E-002
   5.9045259270896539E-007   2.5884058591032030E-007   2.5849849849839752E-002
   4.8523939803099453E-007   2.2840174690675736E-007   2.4859859859849762E-002
   3.9382803960343327E-007   2.0187087816262244E-007   2.3869869869859773E-002
   3.1489698211866821E-007   1.7886541407823562E-007   2.2879879879869783E-002
   2.4718813287386915E-007   1.5902550008058547E-007   2.1889889889879794E-002
   1.8950892269503250E-007   1.4201415795660018E-007   2.0899899899889805E-002
   1.4073453482340867E-007   1.2751738011121751E-007   1.9909909909899812E-002
   9.9810213858887726E-008   1.1524412900495529E-007   1.8919919919909822E-002
   6.5753565512844626E-008   1.0492621513032913E-007   1.7929929929919833E-002
   3.7656707334639841E-008   9.6318024532794957E-008   1.6939939939929843E-002
   1.4688085649643646E-008   8.9196064457416539E-008   1.5949949949939854E-002